$ 1 0.00019999999999999998 37.11724081536377 62 5 43 5e-11
c -144 32 -80 32 0 0.000001 3.9153348774284824 0.001
d 144 304 208 304 2 default
d 448 -16 512 -16 2 default
d 512 80 448 80 2 default
w 576 -16 576 32 0
w 576 80 576 32 0
w 576 32 640 32 0
c 640 32 640 112 0 0.000001 17.933498791455104 0.001
g 640 112 640 144 0 0
w 640 32 688 32 0
a 688 16 800 16 8 12 -12 1000000 12.00059327855129 17.933498791455104 100000
w 688 0 688 -32 0
w 688 -32 800 -32 0
w 800 -32 800 16 0
r 800 16 880 16 0 1000
d 144 48 256 48 2 default
g -80 96 -80 112 0 0
r -80 32 -80 96 0 10000
a 32 48 144 48 9 12 -12 1000000 3.8367346938775517 0.36373088109307744 100000
w -144 32 -144 176 0
a 256 32 368 32 8 12 -12 1000000 9.506136411299696 9.506231472663808 100000
w 256 16 256 -16 0
w 256 -16 368 -16 0
w 368 -16 368 32 0
w 448 32 448 80 0
w 448 32 448 -16 0
r 256 288 256 48 0 100000
w -16 32 32 32 0
174 208 304 288 304 1 100000 0.18320000000000003 SUSTAIN
g 304 304 336 304 0 0
w 32 64 32 176 0
r 32 176 112 176 0 47000
g 112 176 128 176 0 0
r 32 176 -32 176 0 100000
R -32 176 -64 176 0 0 40 12 0 0 0.5
x 215 336 307 339 4 14 SUSTAIN\sPOT
x 500 -81 585 -78 4 14 ATTACK\sPOT
x 459 115 607 118 4 14 DECAY/RELEASE\sPOT
O 880 16 912 -32 0 0
r -16 32 -16 96 0 100000
g -16 96 -16 112 0 0
d -80 32 -16 32 2 default
w -144 320 32 320 0
w 368 32 448 32 0
a 32 304 144 304 8 12 -12 1000000 3.8367346938775517 4.439472674850317 100000
w 32 176 32 288 0
w -144 176 -144 320 0
r 512 -16 576 -16 0 1
r 512 80 576 80 0 180000.82
r 1616 -128 1680 -128 0 1000
w 1360 0 1392 0 0
w 1456 -112 1328 -112 0
w 1456 -144 1392 -144 0
w 1392 -32 1392 0 0
r 1360 0 1360 112 0 33000
x 1096 -95 1214 -92 4 24 SIGNAL\sIN
x 938 -17 971 -14 4 24 CV
r 1520 -224 1520 -144 0 100000
r 1520 -64 1616 -64 0 100000
g 1280 16 1280 32 0 0
r 1280 -48 1280 16 0 1000
r 1200 -48 1280 -48 0 200000
w 1328 0 1360 0 0
w 1328 -32 1328 0 0
O 1680 -128 1776 -128 0 0
w 1248 64 1248 128 0
r 1104 64 1248 64 0 100000
w 1104 112 1104 64 0
r 1104 112 1040 112 0 100000
a 1104 128 1248 128 8 12 -12 1000000 0.00011881539068926738 0 100000
w 1616 -64 1616 -128 0
w 1520 -112 1520 -64 0
g 1520 -224 1520 -256 0 0
r 1456 -112 1520 -112 0 20000
r 1456 -144 1520 -144 0 20000
a 1520 -128 1616 -128 9 12 -12 1000000 3.156091883213529 3.156103697096487 100000
w 1392 -144 1392 -64 0
w 1328 -112 1328 -64 0
w 1328 -144 1328 -112 0
R 1200 -48 1168 -48 0 3 200 5 0 0 0.5
w 1360 -224 1392 -224 0
w 1360 -224 1328 -224 0
w 1360 -256 1360 -224 0
r 1392 -144 1392 -224 0 20000
r 1328 -144 1328 -224 0 20000
t 1440 -48 1392 -48 0 1 -3.7877789295752278 0.49768288604235655 50 default
t 1280 -48 1328 -48 0 1 -3.5330495806165128 0.5161203991734258 50 default
w 1056 16 1040 112 0
w -128 496 -112 496 0
174 -80 416 -32 400 1 100000 0.6386000000000001 Resistance
c -240 432 -128 432 0 1.0000000000000001e-7 1.337439472819478 0.001
w 208 576 208 512 0
a -16 512 96 512 8 12 -12 1000000 0 -1.6226009202391367 100000
w -240 512 -240 576 0
a -240 496 -128 496 8 12 -12 1000000 0.000013374260985584924 0 100000
R -224 192 -368 176 0 2 1 5 0 0 0.2
w -240 432 -240 480 0
w -128 432 -128 496 0
r -112 496 -16 528 0 100000
g -16 496 -32 480 0 0
r 96 512 208 512 0 47000
r 208 512 208 448 0 10000
g 208 448 208 416 0 0
r -16 576 208 576 0 100000
w 144 448 208 512 0
g -16 416 16 416 0 0
r -240 576 -240 624 0 100000
g -240 624 -240 656 0 0
r -48 368 -128 368 0 100000
w -48 368 -48 400 0
w -128 368 -240 368 0
w -240 368 -240 432 0
w -80 416 -80 448 0
w -80 448 144 448 0
w -16 528 -16 576 0
O 96 480 160 480 0 0
w 96 480 96 512 0
r 48 384 32 320 0 10000
r -224 192 -144 176 0 10000
160 48 384 144 384 1 20 10000000000
w 96 480 144 400 0
g 1104 144 1104 192 0 0
R 1264 176 1264 144 0 0 40 12 0 0 0.5
174 1264 176 1296 224 1 10000 0.0149 Voltage amplification
r 1312 128 1312 208 0 10000
g 1264 240 1264 256 0 0
g 1440 16 1440 32 0 0
w 1056 16 880 16 0
t 1312 128 1360 128 0 1 0.5733467577059081 -2.249966047562124 50 default
g 1360 144 1360 208 0 0
R 1392 -288 1392 -336 0 0 40 -12 0 0 0.5
R 1328 -288 1328 -336 0 0 40 12 0 0 0.5
174 1328 -288 1376 -256 1 100000 0.21290000000000003 Offset adjust
r 1440 -48 1440 16 0 1000
r 1248 128 1312 128 0 10000
R 1440 112 1488 112 0 0 40 -12 0 0 0.5
R 1392 896 1392 848 0 0 40 -12 0 0 0.5
r 1440 112 1360 112 0 10000
w 1296 208 1312 208 0
o 38 64 0 4098 20 0.1 0 1
o 27 64 0 4099 5 0.00009765625 1 2 27 3
o 64 64 0 4098 10 0.1 2 1
o 115 16 0 4098 20 0.1 3 5 76 0 76 3 77 0 77 3
38 47 F1 0 1 1000000 -1 ATTACK
38 48 F1 0 1 1000000 -1 DECAY/RELEASE
